CIE XYZ:
  Min:
    X = 0.000000
    Y = 0.000000
    Z = 0.000000
  Max:
    X = 1.000000
    Y = 1.000000
    Z = 1.000000

Linear LMS:
  Min:
    L = 0.000000
    M = 0.000000
    S = 0.000000
  Max:
    L = 1.000000
    M = 1.000000
    S = 1.000000

LMS:
  Min:
    L = 0.000000
    M = 0.000000
    S = 0.000000
  Max:
    L = 1.000000
    M = 1.000000
    S = 1.000000

OkLab:
  Min:
    L = 0.000000
    a = -0.233951
    b = -0.311762
  Max:
    L = 1.000000
    a = 0.276214
    b = 0.198363

