CIE XYZ:
  Min:
    X = 0.000000
    Y = 0.000000
    Z = 0.000000
  Max:
    X = 0.950470
    Y = 1.000000
    Z = 1.088830

Linear LMS:
  Min:
    L = 0.000000
    M = 0.000000
    S = 0.000000
  Max:
    L = 0.999932
    M = 1.000019
    S = 1.000336

LMS:
  Min:
    L = 0.000000
    M = 0.000000
    S = 0.000000
  Max:
    L = 0.999977
    M = 1.000006
    S = 1.000112

OkLab:
  Min:
    L = 0.000000
    a = -0.233916
    b = -0.311611
  Max:
    L = 1.142561
    a = 0.276221
    b = 0.198484